heartbeat_id,start_time,start_sample,end_sample,r_peak_sample,rr_interval_sample,rr_interval_ms
0,2022-12-22 13:11:17.315278484+01:00,251,901,479,584.0,584.0
1,2022-12-22 13:11:17.899278915+01:00,835,1485,1063,616.0,616.0
2,2022-12-22 13:11:18.515279369+01:00,1451,2101,1679,672.0,672.0
3,2022-12-22 13:11:19.187279864+01:00,2123,2773,2351,701.0,701.0
4,2022-12-22 13:11:19.888280381+01:00,2824,3474,3052,689.0,689.0
5,2022-12-22 13:11:20.577280889+01:00,3513,4163,3741,665.0,665.0
6,2022-12-22 13:11:21.242281380+01:00,4178,4828,4406,669.0,669.0
7,2022-12-22 13:11:21.911281873+01:00,4847,5497,5075,688.0,688.0
8,2022-12-22 13:11:22.599282380+01:00,5535,6185,5763,717.0,717.0
9,2022-12-22 13:11:23.316282909+01:00,6252,6902,6480,713.0,713.0
10,2022-12-22 13:11:24.029283435+01:00,6965,7615,7193,688.0,688.0
11,2022-12-22 13:11:24.717283942+01:00,7653,8303,7881,608.0,608.0
12,2022-12-22 13:11:25.325284390+01:00,8261,8911,8489,580.0,580.0
13,2022-12-22 13:11:25.905284817+01:00,8841,9491,9069,551.0,551.0
14,2022-12-22 13:11:26.456285224+01:00,9392,10042,9620,,
